CBMC version 5.0 64-bit linux
Parsing small.c
Converting
Type-checking small
file small.c line 9 function main: function `assert' is not declared
Generating GOTO Program
Adding CPROVER library
Function Pointer Removal
Partial Inlining
Generic Property Instrumentation
Starting Bounded Model Checking
size of program expression: 35 steps
simple slicing removed 4 assignments
Generated 1 VCC(s), 1 remaining after simplification
p cnf 267 651
1 0
2 -130 0
34 -130 0
-2 -34 130 0
-2 -34 -131 0
2 34 -131 0
-2 34 131 0
2 -34 131 0
-3 -35 132 0
-3 -130 132 0
-35 -130 132 0
3 35 -132 0
3 130 -132 0
35 130 -132 0
3 -132 -133 0
35 -132 -133 0
130 -132 -133 0
-3 132 133 0
-35 132 133 0
-130 132 133 0
-3 -35 -130 133 0
3 35 130 -133 0
-4 -36 134 0
-4 -132 134 0
-36 -132 134 0
4 36 -134 0
4 132 -134 0
36 132 -134 0
4 -134 -135 0
36 -134 -135 0
132 -134 -135 0
-4 134 135 0
-36 134 135 0
-132 134 135 0
-4 -36 -132 135 0
4 36 132 -135 0
-5 -37 136 0
-5 -134 136 0
-37 -134 136 0
5 37 -136 0
5 134 -136 0
37 134 -136 0
5 -136 -137 0
37 -136 -137 0
134 -136 -137 0
-5 136 137 0
-37 136 137 0
-134 136 137 0
-5 -37 -134 137 0
5 37 134 -137 0
-6 -38 138 0
-6 -136 138 0
-38 -136 138 0
6 38 -138 0
6 136 -138 0
38 136 -138 0
6 -138 -139 0
38 -138 -139 0
136 -138 -139 0
-6 138 139 0
-38 138 139 0
-136 138 139 0
-6 -38 -136 139 0
6 38 136 -139 0
-7 -39 140 0
-7 -138 140 0
-39 -138 140 0
7 39 -140 0
7 138 -140 0
39 138 -140 0
7 -140 -141 0
39 -140 -141 0
138 -140 -141 0
-7 140 141 0
-39 140 141 0
-138 140 141 0
-7 -39 -138 141 0
7 39 138 -141 0
-8 -40 142 0
-8 -140 142 0
-40 -140 142 0
8 40 -142 0
8 140 -142 0
40 140 -142 0
8 -142 -143 0
40 -142 -143 0
140 -142 -143 0
-8 142 143 0
-40 142 143 0
-140 142 143 0
-8 -40 -140 143 0
8 40 140 -143 0
-9 -41 144 0
-9 -142 144 0
-41 -142 144 0
9 41 -144 0
9 142 -144 0
41 142 -144 0
9 -144 -145 0
41 -144 -145 0
142 -144 -145 0
-9 144 145 0
-41 144 145 0
-142 144 145 0
-9 -41 -142 145 0
9 41 142 -145 0
-10 -42 146 0
-10 -144 146 0
-42 -144 146 0
10 42 -146 0
10 144 -146 0
42 144 -146 0
10 -146 -147 0
42 -146 -147 0
144 -146 -147 0
-10 146 147 0
-42 146 147 0
-144 146 147 0
-10 -42 -144 147 0
10 42 144 -147 0
-11 -43 148 0
-11 -146 148 0
-43 -146 148 0
11 43 -148 0
11 146 -148 0
43 146 -148 0
11 -148 -149 0
43 -148 -149 0
146 -148 -149 0
-11 148 149 0
-43 148 149 0
-146 148 149 0
-11 -43 -146 149 0
11 43 146 -149 0
-12 -44 150 0
-12 -148 150 0
-44 -148 150 0
12 44 -150 0
12 148 -150 0
44 148 -150 0
12 -150 -151 0
44 -150 -151 0
148 -150 -151 0
-12 150 151 0
-44 150 151 0
-148 150 151 0
-12 -44 -148 151 0
12 44 148 -151 0
-13 -45 152 0
-13 -150 152 0
-45 -150 152 0
13 45 -152 0
13 150 -152 0
45 150 -152 0
13 -152 -153 0
45 -152 -153 0
150 -152 -153 0
-13 152 153 0
-45 152 153 0
-150 152 153 0
-13 -45 -150 153 0
13 45 150 -153 0
-14 -46 154 0
-14 -152 154 0
-46 -152 154 0
14 46 -154 0
14 152 -154 0
46 152 -154 0
14 -154 -155 0
46 -154 -155 0
152 -154 -155 0
-14 154 155 0
-46 154 155 0
-152 154 155 0
-14 -46 -152 155 0
14 46 152 -155 0
-15 -47 156 0
-15 -154 156 0
-47 -154 156 0
15 47 -156 0
15 154 -156 0
47 154 -156 0
15 -156 -157 0
47 -156 -157 0
154 -156 -157 0
-15 156 157 0
-47 156 157 0
-154 156 157 0
-15 -47 -154 157 0
15 47 154 -157 0
-16 -48 158 0
-16 -156 158 0
-48 -156 158 0
16 48 -158 0
16 156 -158 0
48 156 -158 0
16 -158 -159 0
48 -158 -159 0
156 -158 -159 0
-16 158 159 0
-48 158 159 0
-156 158 159 0
-16 -48 -156 159 0
16 48 156 -159 0
-17 -49 160 0
-17 -158 160 0
-49 -158 160 0
17 49 -160 0
17 158 -160 0
49 158 -160 0
17 -160 -161 0
49 -160 -161 0
158 -160 -161 0
-17 160 161 0
-49 160 161 0
-158 160 161 0
-17 -49 -158 161 0
17 49 158 -161 0
-18 -50 162 0
-18 -160 162 0
-50 -160 162 0
18 50 -162 0
18 160 -162 0
50 160 -162 0
18 -162 -163 0
50 -162 -163 0
160 -162 -163 0
-18 162 163 0
-50 162 163 0
-160 162 163 0
-18 -50 -160 163 0
18 50 160 -163 0
-19 -51 164 0
-19 -162 164 0
-51 -162 164 0
19 51 -164 0
19 162 -164 0
51 162 -164 0
19 -164 -165 0
51 -164 -165 0
162 -164 -165 0
-19 164 165 0
-51 164 165 0
-162 164 165 0
-19 -51 -162 165 0
19 51 162 -165 0
-20 -52 166 0
-20 -164 166 0
-52 -164 166 0
20 52 -166 0
20 164 -166 0
52 164 -166 0
20 -166 -167 0
52 -166 -167 0
164 -166 -167 0
-20 166 167 0
-52 166 167 0
-164 166 167 0
-20 -52 -164 167 0
20 52 164 -167 0
-21 -53 168 0
-21 -166 168 0
-53 -166 168 0
21 53 -168 0
21 166 -168 0
53 166 -168 0
21 -168 -169 0
53 -168 -169 0
166 -168 -169 0
-21 168 169 0
-53 168 169 0
-166 168 169 0
-21 -53 -166 169 0
21 53 166 -169 0
-22 -54 170 0
-22 -168 170 0
-54 -168 170 0
22 54 -170 0
22 168 -170 0
54 168 -170 0
22 -170 -171 0
54 -170 -171 0
168 -170 -171 0
-22 170 171 0
-54 170 171 0
-168 170 171 0
-22 -54 -168 171 0
22 54 168 -171 0
-23 -55 172 0
-23 -170 172 0
-55 -170 172 0
23 55 -172 0
23 170 -172 0
55 170 -172 0
23 -172 -173 0
55 -172 -173 0
170 -172 -173 0
-23 172 173 0
-55 172 173 0
-170 172 173 0
-23 -55 -170 173 0
23 55 170 -173 0
-24 -56 174 0
-24 -172 174 0
-56 -172 174 0
24 56 -174 0
24 172 -174 0
56 172 -174 0
24 -174 -175 0
56 -174 -175 0
172 -174 -175 0
-24 174 175 0
-56 174 175 0
-172 174 175 0
-24 -56 -172 175 0
24 56 172 -175 0
-25 -57 176 0
-25 -174 176 0
-57 -174 176 0
25 57 -176 0
25 174 -176 0
57 174 -176 0
25 -176 -177 0
57 -176 -177 0
174 -176 -177 0
-25 176 177 0
-57 176 177 0
-174 176 177 0
-25 -57 -174 177 0
25 57 174 -177 0
-26 -58 178 0
-26 -176 178 0
-58 -176 178 0
26 58 -178 0
26 176 -178 0
58 176 -178 0
26 -178 -179 0
58 -178 -179 0
176 -178 -179 0
-26 178 179 0
-58 178 179 0
-176 178 179 0
-26 -58 -176 179 0
26 58 176 -179 0
-27 -59 180 0
-27 -178 180 0
-59 -178 180 0
27 59 -180 0
27 178 -180 0
59 178 -180 0
27 -180 -181 0
59 -180 -181 0
178 -180 -181 0
-27 180 181 0
-59 180 181 0
-178 180 181 0
-27 -59 -178 181 0
27 59 178 -181 0
-28 -60 182 0
-28 -180 182 0
-60 -180 182 0
28 60 -182 0
28 180 -182 0
60 180 -182 0
28 -182 -183 0
60 -182 -183 0
180 -182 -183 0
-28 182 183 0
-60 182 183 0
-180 182 183 0
-28 -60 -180 183 0
28 60 180 -183 0
-29 -61 184 0
-29 -182 184 0
-61 -182 184 0
29 61 -184 0
29 182 -184 0
61 182 -184 0
29 -184 -185 0
61 -184 -185 0
182 -184 -185 0
-29 184 185 0
-61 184 185 0
-182 184 185 0
-29 -61 -182 185 0
29 61 182 -185 0
-30 -62 186 0
-30 -184 186 0
-62 -184 186 0
30 62 -186 0
30 184 -186 0
62 184 -186 0
30 -186 -187 0
62 -186 -187 0
184 -186 -187 0
-30 186 187 0
-62 186 187 0
-184 186 187 0
-30 -62 -184 187 0
30 62 184 -187 0
-31 -63 188 0
-31 -186 188 0
-63 -186 188 0
31 63 -188 0
31 186 -188 0
63 186 -188 0
31 -188 -189 0
63 -188 -189 0
186 -188 -189 0
-31 188 189 0
-63 188 189 0
-186 188 189 0
-31 -63 -186 189 0
31 63 186 -189 0
-32 -64 190 0
-32 -188 190 0
-64 -188 190 0
32 64 -190 0
32 188 -190 0
64 188 -190 0
32 -190 -191 0
64 -190 -191 0
188 -190 -191 0
-32 190 191 0
-64 190 191 0
-188 190 191 0
-32 -64 -188 191 0
32 64 188 -191 0
-33 -65 192 0
-33 -190 192 0
-65 -190 192 0
33 65 -192 0
33 190 -192 0
65 190 -192 0
33 -192 -193 0
65 -192 -193 0
190 -192 -193 0
-33 192 193 0
-65 192 193 0
-190 192 193 0
-33 -65 -190 193 0
33 65 190 -193 0
-131 -194 0
-133 -194 0
-135 -194 0
-137 -194 0
-139 -194 0
-141 -194 0
-143 -194 0
-145 -194 0
-147 -194 0
-149 -194 0
-151 -194 0
-153 -194 0
-155 -194 0
-157 -194 0
-159 -194 0
-161 -194 0
-163 -194 0
-165 -194 0
-167 -194 0
-169 -194 0
-171 -194 0
-173 -194 0
-175 -194 0
-177 -194 0
-179 -194 0
-181 -194 0
-183 -194 0
-185 -194 0
-187 -194 0
-189 -194 0
-191 -194 0
-193 -194 0
131 133 135 137 139 141 143 145 147 149 151 153 155 157 159 161 163 165 167 169 171 173 175 177 179 181 183 185 187 189 191 193 194 0
194 0
-131 -195 -227 0
131 195 -227 0
-131 195 227 0
131 -195 227 0
-133 -196 -228 0
133 196 -228 0
-133 196 228 0
133 -196 228 0
-135 -197 -229 0
135 197 -229 0
-135 197 229 0
135 -197 229 0
-137 -198 -230 0
137 198 -230 0
-137 198 230 0
137 -198 230 0
-139 -199 -231 0
139 199 -231 0
-139 199 231 0
139 -199 231 0
-141 -200 -232 0
141 200 -232 0
-141 200 232 0
141 -200 232 0
-143 -201 -233 0
143 201 -233 0
-143 201 233 0
143 -201 233 0
-145 -202 -234 0
145 202 -234 0
-145 202 234 0
145 -202 234 0
-147 -203 -235 0
147 203 -235 0
-147 203 235 0
147 -203 235 0
-149 -204 -236 0
149 204 -236 0
-149 204 236 0
149 -204 236 0
-151 -205 -237 0
151 205 -237 0
-151 205 237 0
151 -205 237 0
-153 -206 -238 0
153 206 -238 0
-153 206 238 0
153 -206 238 0
-155 -207 -239 0
155 207 -239 0
-155 207 239 0
155 -207 239 0
-157 -208 -240 0
157 208 -240 0
-157 208 240 0
157 -208 240 0
-159 -209 -241 0
159 209 -241 0
-159 209 241 0
159 -209 241 0
-161 -210 -242 0
161 210 -242 0
-161 210 242 0
161 -210 242 0
-163 -211 -243 0
163 211 -243 0
-163 211 243 0
163 -211 243 0
-165 -212 -244 0
165 212 -244 0
-165 212 244 0
165 -212 244 0
-167 -213 -245 0
167 213 -245 0
-167 213 245 0
167 -213 245 0
-169 -214 -246 0
169 214 -246 0
-169 214 246 0
169 -214 246 0
-171 -215 -247 0
171 215 -247 0
-171 215 247 0
171 -215 247 0
-173 -216 -248 0
173 216 -248 0
-173 216 248 0
173 -216 248 0
-175 -217 -249 0
175 217 -249 0
-175 217 249 0
175 -217 249 0
-177 -218 -250 0
177 218 -250 0
-177 218 250 0
177 -218 250 0
-179 -219 -251 0
179 219 -251 0
-179 219 251 0
179 -219 251 0
-181 -220 -252 0
181 220 -252 0
-181 220 252 0
181 -220 252 0
-183 -221 -253 0
183 221 -253 0
-183 221 253 0
183 -221 253 0
-185 -222 -254 0
185 222 -254 0
-185 222 254 0
185 -222 254 0
-187 -223 -255 0
187 223 -255 0
-187 223 255 0
187 -223 255 0
-189 -224 -256 0
189 224 -256 0
-189 224 256 0
189 -224 256 0
-191 -225 -257 0
191 225 -257 0
-191 225 257 0
191 -225 257 0
-193 -226 -258 0
193 226 -258 0
-193 226 258 0
193 -226 258 0
-227 -259 0
-228 -259 0
-229 -259 0
-230 -259 0
-231 -259 0
-232 -259 0
-233 -259 0
-234 -259 0
-235 -259 0
-236 -259 0
-237 -259 0
-238 -259 0
-239 -259 0
-240 -259 0
-241 -259 0
-242 -259 0
-243 -259 0
-244 -259 0
-245 -259 0
-246 -259 0
-247 -259 0
-248 -259 0
-249 -259 0
-250 -259 0
-251 -259 0
-252 -259 0
-253 -259 0
-254 -259 0
-255 -259 0
-256 -259 0
-257 -259 0
-258 -259 0
227 228 229 230 231 232 233 234 235 236 237 238 239 240 241 242 243 244 245 246 247 248 249 250 251 252 253 254 255 256 257 258 259 0
259 0
-260 -262 -264 0
260 262 -264 0
-260 262 264 0
260 -262 264 0
-261 -263 -265 0
261 263 -265 0
-261 263 265 0
261 -263 265 0
-264 -266 0
-265 -266 0
264 265 266 0
-1 266 0
1 -266 0
c FALSE __CPROVER_malloc_is_new_array#1
c main::1::a!0@1#1 66 67 68 69 70 71 72 73 74 75 76 77 78 79 80 81 82 83 84 85 86 87 88 89 90 91 92 93 94 95 96 97
c symex::nondet0 2 3 4 5 6 7 8 9 10 11 12 13 14 15 16 17 18 19 20 21 22 23 24 25 26 27 28 29 30 31 32 33
c main::1::a!0@1#2 2 3 4 5 6 7 8 9 10 11 12 13 14 15 16 17 18 19 20 21 22 23 24 25 26 27 28 29 30 31 32 33
c main::1::b!0@1#1 98 99 100 101 102 103 104 105 106 107 108 109 110 111 112 113 114 115 116 117 118 119 120 121 122 123 124 125 126 127 128 129
c symex::nondet1 34 35 36 37 38 39 40 41 42 43 44 45 46 47 48 49 50 51 52 53 54 55 56 57 58 59 60 61 62 63 64 65
c main::1::b!0@1#2 34 35 36 37 38 39 40 41 42 43 44 45 46 47 48 49 50 51 52 53 54 55 56 57 58 59 60 61 62 63 64 65
c __CPROVER_thread_id!0#1 FALSE FALSE FALSE FALSE FALSE FALSE FALSE FALSE FALSE FALSE FALSE FALSE FALSE FALSE FALSE FALSE FALSE FALSE FALSE FALSE FALSE FALSE FALSE FALSE FALSE FALSE FALSE FALSE FALSE FALSE FALSE FALSE FALSE FALSE FALSE FALSE FALSE FALSE FALSE FALSE FALSE FALSE FALSE FALSE FALSE FALSE FALSE FALSE FALSE FALSE FALSE FALSE FALSE FALSE FALSE FALSE FALSE FALSE FALSE FALSE FALSE FALSE FALSE FALSE
c __CPROVER_rounding_mode!0#1 FALSE FALSE FALSE FALSE FALSE FALSE FALSE FALSE FALSE FALSE FALSE FALSE FALSE FALSE FALSE FALSE FALSE FALSE FALSE FALSE FALSE FALSE FALSE FALSE FALSE FALSE FALSE FALSE FALSE FALSE FALSE FALSE
c __CPROVER_next_thread_id#1 FALSE FALSE FALSE FALSE FALSE FALSE FALSE FALSE FALSE FALSE FALSE FALSE FALSE FALSE FALSE FALSE FALSE FALSE FALSE FALSE FALSE FALSE FALSE FALSE FALSE FALSE FALSE FALSE FALSE FALSE FALSE FALSE FALSE FALSE FALSE FALSE FALSE FALSE FALSE FALSE FALSE FALSE FALSE FALSE FALSE FALSE FALSE FALSE FALSE FALSE FALSE FALSE FALSE FALSE FALSE FALSE FALSE FALSE FALSE FALSE FALSE FALSE FALSE FALSE
c __CPROVER_pipe_count#1 FALSE FALSE FALSE FALSE FALSE FALSE FALSE FALSE FALSE FALSE FALSE FALSE FALSE FALSE FALSE FALSE FALSE FALSE FALSE FALSE FALSE FALSE FALSE FALSE FALSE FALSE FALSE FALSE FALSE FALSE FALSE FALSE
c symex::io::0 195 196 197 198 199 200 201 202 203 204 205 206 207 208 209 210 211 212 213 214 215 216 217 218 219 220 221 222 223 224 225 226
c __CPROVER_malloc_size#1 FALSE FALSE FALSE FALSE FALSE FALSE FALSE FALSE FALSE FALSE FALSE FALSE FALSE FALSE FALSE FALSE FALSE FALSE FALSE FALSE FALSE FALSE FALSE FALSE FALSE FALSE FALSE FALSE FALSE FALSE FALSE FALSE FALSE FALSE FALSE FALSE FALSE FALSE FALSE FALSE FALSE FALSE FALSE FALSE FALSE FALSE FALSE FALSE FALSE FALSE FALSE FALSE FALSE FALSE FALSE FALSE FALSE FALSE FALSE FALSE FALSE FALSE FALSE FALSE
